100 208 200
1 2 63298
2 1 63298
1 3 62967
3 1 62967
1 4 55204
4 1 55204
1 5 90326
5 1 90326
1 6 70702
6 1 70702
1 7 46028
7 1 46028
1 8 84501
8 1 84501
1 9 20120
9 1 20120
1 10 23695
10 1 23695
1 11 2690
11 1 2690
1 12 73379
12 1 73379
1 13 49129
13 1 49129
1 14 26912
14 1 26912
1 15 53816
15 1 53816
1 16 75155
16 1 75155
1 17 61453
17 1 61453
1 18 93841
18 1 93841
1 19 31063
19 1 31063
1 20 22891
20 1 22891
1 21 69201
21 1 69201
1 22 92335
22 1 92335
1 23 50975
23 1 50975
1 24 48760
24 1 48760
1 25 24669
25 1 24669
1 26 54891
26 1 54891
26 27 68582
27 26 68582
26 28 75451
28 26 75451
26 29 14755
29 26 14755
26 30 81022
30 26 81022
26 31 94454
31 26 94454
26 32 1161
32 26 1161
26 33 39582
33 26 39582
26 34 62466
34 26 62466
34 35 57819
35 34 57819
34 36 27967
36 34 27967
34 37 51124
37 34 51124
34 38 43845
38 34 43845
34 39 31928
39 34 31928
34 40 16650
40 34 16650
34 41 84242
41 34 84242
34 42 75
42 34 75
34 43 3038
43 34 3038
34 44 2861
44 34 2861
34 45 77018
45 34 77018
34 46 29322
46 34 29322
34 47 20626
47 34 20626
34 48 78355
48 34 78355
34 49 68615
49 34 68615
49 50 40306
50 49 40306
49 51 18292
51 49 18292
49 52 71506
52 49 71506
49 53 59492
53 49 59492
49 54 95904
54 49 95904
49 55 93520
55 49 93520
49 56 71983
56 49 71983
49 57 28768
57 49 28768
49 58 36533
58 49 36533
49 59 45979
59 49 45979
49 60 16908
60 49 16908
49 61 95422
61 49 95422
49 62 96510
62 49 96510
49 63 44674
63 49 44674
49 64 43455
64 49 43455
49 65 4226
65 49 4226
49 66 63192
66 49 63192
49 67 6409
67 49 6409
49 68 77395
68 49 77395
49 69 22106
69 49 22106
69 70 11562
70 69 11562
69 71 58204
71 69 58204
69 72 87562
72 69 87562
69 73 16366
73 69 16366
69 74 54148
74 69 54148
69 75 70826
75 69 70826
69 76 77843
76 69 77843
69 77 25866
77 69 25866
69 78 26888
78 69 26888
69 79 92096
79 69 92096
69 80 98478
80 69 98478
69 81 5903
81 69 5903
81 82 44159
82 81 44159
81 83 3597
83 81 3597
81 84 36529
84 81 36529
81 85 98620
85 81 98620
81 86 41163
86 81 41163
81 87 52979
87 81 52979
81 88 46319
88 81 46319
81 89 19787
89 81 19787
81 90 79929
90 81 79929
81 91 81547
91 81 81547
81 92 66406
92 81 66406
81 93 56276
93 81 56276
81 94 7496
94 81 7496
81 95 99662
95 81 99662
95 96 53505
96 95 53505
95 97 2652
97 95 2652
95 98 78695
98 95 78695
95 99 58309
99 95 58309
95 100 20618
100 95 20618
81 100 712
100 81 931
100 82 99999
82 100 18230
1 94 12453
94 1 13425
34 84 13412
84 34 9000
18 50 9000
50 18 15000
5 16
93 40
83 86
65 99
48 17
20 32
19 97
2 44
14 23
30 14
32 71
28 39
44 74
40 73
60 22
84 17
90 77
56 24
14 21
22 61
89 94
45 7
90 46
3 55
20 84
21 51
6 100
89 50
73 81
74 85
54 57
1 43
85 8
19 99
28 92
11 17
85 55
75 26
52 77
33 72
13 53
74 18
4 63
67 29
95 92
13 48
49 65
43 85
72 13
83 52
4 46
20 89
52 94
66 4
23 98
27 35
2 100
52 58
14 71
86 8
62 50
8 62
14 2
47 85
14 81
88 17
26 7
57 78
1 75
33 23
24 59
57 26
10 8
83 24
30 20
83 92
69 42
53 82
43 51
18 8
32 6
25 9
12 33
38 64
59 22
86 83
80 94
8 90
54 42
65 83
61 47
74 29
89 79
62 83
29 31
91 12
36 67
73 100
51 62
63 10
84 1
92 63
46 51
4 99
44 20
82 4
67 7
84 7
37 97
89 18
27 31
81 15
97 53
14 48
15 28
57 98
80 48
12 26
50 68
76 93
87 57
48 5
16 31
11 4
79 52
21 5
82 2
71 79
6 36
26 72
64 34
21 95
33 72
82 52
48 74
38 56
21 95
23 3
5 27
33 8
47 37
90 100
60 20
6 95
45 77
10 30
98 5
62 82
76 43
85 75
68 22
31 40
16 53
42 73
31 74
80 78
62 21
29 21
40 34
68 84
63 77
65 12
81 26
45 9
20 29
35 87
2 65
26 18
70 19
42 100
44 73
29 58
94 58
30 33
43 97
69 57
74 33
20 6
59 64
14 30
92 1
69 94
65 94
63 86
65 56
38 60
28 18
17 21
27 47
54 22
43 22
78 16
6 98
74 16
13 39
46 57
39 14
2 56
59 16
41 23
